# seconds for hour simulation
30

# simulation clock start
# hours minutes
6 0

# amount of defined objects:
# repairTeams trains turntables normalTracks stationTracks
1 4 22 28 21

# turntables:
# id time repairTime
0 3 15
1 3 15
2 5 2
3 5 25
4 7 35
5 7 35
6 5 25
7 5 25
8 9 45
9 9 45
10 12 60
11 12 60
12 7 35
13 7 35
14 5 25
15 5 25
16 3 15
17 3 15
18 5 25
19 5 25
20 5 25
21 5 25

# normalTracks:
# id len limit repairTime from to
0 285 90 100 0 2
1 285 95 100 0 2
2 143 70 50 3 4
3 287 120 100 3 10
4 194 110 50 1 8
5 194 90 50 1 8
6 106 100 50 4 8
7 230 140 100 5 10
8 230 140 100 5 10
9 178 90 50 6 10
10 215 70 100 7 16
11 185 110 50 9 12
12 142 170 50 9 14
13 142 170 50 9 14
14 120 190 50 11 12
15 120 190 50 11 12
16 120 190 50 11 12
17 150 110 50 11 16
18 185 120 50 13 14
19 170 150 50 15 18
20 170 150 50 15 18
21 170 150 50 15 18
22 170 120 50 13 19
23 230 110 100 17 21
24 230 110 100 17 21
25 68 50 30 19 20
26 68 50 30 19 20
27 188 90 50 9 13

# stationTracks:
# id name time repairTime from to
0 szc 18 30 0 1
1 szc 18 30 0 1
2 gda 3 10 2 3
3 byd 5 10 4 5
4 byd 5 10 4 5
5 bst 3 10 6 7
6 poz 3 10 8 9
7 poz 3 10 8 9
8 waw 15 30 10 11
9 waw 15 30 10 11
10 waw 15 30 10 11
11 łdź 3 10 12 13
12 łdź 3 10 12 13
13 wro 8 10 14 15
14 wro 8 10 14 15
15 lub 3 10 16 17
16 kat 8 10 18 19
17 kat 8 10 18 19
18 kra 5 10 20 21
19 kra 5 10 20 21
20 *r* 30 0 10 10

# repairTeam:
# id speed stationId
0 250 20

# trains:
# id speed capacity repairTime name len(route)
# route by ids
0 150 170 105 nulla 12
1 0 2 3 4 5 10 11 12 13 9 8

1 90 100 60 primus 14
20 21 17 16 7 6 10 11 12 13 14 15 18 19

2 220 180 130 secundus 12
10 11 12 13 19 18 15 14 9 8 4 5

3 160 220 125 tertium 16
14 15 18 19 20 21 17 16 11 10 3 2 0 1 8 9
